1	584801
2	584802
3	584803
4	584804
5	584805
6	584806
7	584807
8	584808
9	584809
10	584810
11	584811
12	585001
13	585002
14	585003
15	585004
16	585005
17	585006
18	585007
19	585008
20	585009
21	585010
22	585011
23	585012
24	585013
25	585014
26	585015
27	585016
28	585017
29	585018
30	585019
31	585501
32	585502
33	585503
34	585504
35	585505
36	585506
37	585507
38	585508
39	585509
40	585510
41	585511
42	586401
43	586402
44	586403
45	586404
46	586405
47	586406
48	586407
49	586408
50	586409
51	586410
52	586411
53	586412
54	586413
55	586414
56	586415
57	586701
58	586702
59	586703
60	586704
61	586705
62	586706
63	586707
64	586708
65	586709
66	586710
67	586711
68	586712
69	586713
70	586714
71	586801
72	586802
73	586803
74	586804
75	586805
76	586806
77	586807
78	586808
79	586809
80	586810
81	586811
82	586812
83	586813
84	586814
85	586815
86	586816
87	586817
88	586818
89	586901
90	586902
91	586903
92	586904
93	586905
94	586906
95	586907
96	586908
97	586909
98	586910
99	586911
100	586912
101	586913
102	586914
103	586915
104	586916
105	587101
106	587102
107	587103
108	587104
109	587105
110	587106
111	587107
112	587108
113	587109
114	587110
115	588301
116	588302
117	588303
118	588304
119	588305
120	588306
121	588307
122	588308
123	588309
124	588310
125	588311
126	588401
127	588402
128	588403
129	588404
130	588405
131	588406
132	588407
133	588408
134	588409
135	588410
136	588411
137	588412
138	588413
139	588414
140	588415
141	588416
142	588417
143	588418
144	589001
145	589002
146	589003
147	589004
148	589005
149	589006
150	589007
151	589008
152	589009
153	589010
154	589011
155	589012
156	589013
157	589014
158	589015
159	589016
160	589017
161	589018
162	589101
163	589102
164	589103
165	589201
166	589202
167	589203
168	589204
169	589205
170	589206
171	589207
172	589208
173	589209
174	589210
175	589501
176	589502
177	589503
178	589504
179	589505
180	589506
181	589507
182	589508
183	589509
184	589510
185	589601
186	589602
187	589603
188	589604
189	589605
190	589606
191	589607
192	589608
193	589609
194	589610
195	589611
196	589701
197	589702
198	589703
199	589704
200	589705
201	589706
202	589707
203	589708
204	589709
205	589710
206	589711
207	589712
208	589713
209	589714
210	589715
211	589716
212	589717
213	589718
214	589719
215	589720
216	590201
217	590202
218	590203
219	590204
220	590205
221	590206
222	590207
223	590208
224	590209
225	590210
226	590401
227	590402
228	590403
229	590404
230	590405
231	590406
232	590407
233	590408
234	590409
235	590410
236	590411
237	590412
238	590413
239	590414
240	590415
241	590601
242	590602
243	590603
244	590604
245	590605
246	590606
247	590607
248	590608
249	590901
250	590902
251	590903
252	590904
253	590905
254	590906
255	590907
256	591101
257	591102
258	591103
259	591104
260	591105
261	591201
262	591202
263	591203
264	591204
265	591205
266	591206
267	591207
268	591208
269	591209
270	591210
271	591211
272	591212
273	591213
274	591301
275	591302
276	591303
277	591304
278	591305
279	591306
280	591307
281	591308
282	591601
283	591602
284	591603
285	591604
286	591605
287	591701
288	591702
289	591703
290	591704
291	591705
292	591706
293	591707
294	591708
295	591709
296	591710
297	591711
298	591712
299	591713
300	591714
301	591715
302	591716
303	591717
304	591718
305	592001
306	592002
307	592003
308	592004
309	592005
310	592006
311	592301
312	592302
313	592303
314	592304
315	592305
316	592306
317	592307
318	592308
319	592309
320	592310
321	592311
322	592312
323	592313
324	592314
325	592315
326	592316
327	592317
328	592318
329	592319
330	592401
331	592402
332	592403
333	592404
334	592405
335	592406
336	592407
337	592408
338	592409
339	592701
340	592702
341	592703
342	592704
343	592705
344	592706
345	592707
346	592708
347	592709
348	592710
349	592711
350	592712
351	593001
352	593002
353	593003
354	593004
355	593005
356	593006
357	593007
358	593008
359	593009
360	593201
361	593202
362	593203
363	593204
364	593205
365	593206
366	593207
367	593208
368	593209
369	593210
370	593701
371	593702
372	593703
373	593704
374	593705
375	593706
376	593707
377	593708
378	593709
379	593710
380	593901
381	593902
382	593903
383	593904
384	593905
385	593906
386	593907
387	593908
388	593909
389	593910
390	593911
391	593912
392	594001
393	594002
394	594003
395	594004
396	594005
397	594006
398	594007
399	594008
400	594009
401	594010
402	594011
403	594012
404	594013
405	594014
406	594015
407	594016
408	594017
409	594018
410	594019
411	595501
412	595502
413	595503
414	595504
415	595505
416	595506
417	595507
418	595508
419	595509
420	595510
421	595511
422	595901
423	595902
424	595903
425	595904
426	595905
427	595906
428	595907
429	595908
430	595909
431	595910
432	595911
433	595912
434	596101
435	596102
436	596103
437	596104
438	596105
439	596106
440	596201
441	596202
442	596203
443	596204
444	596205
445	596206
446	597601
447	597602
448	597603
449	597604
450	597605
451	597606
452	597607
453	597608
454	597609
455	597610
456	597611
457	598601
458	598602
459	598603
460	598604
461	598605
462	598606
463	598607
464	598608
465	598609
466	598610
467	598611
468	598612
469	598701
470	598702
471	598703
472	598704
473	598705
474	598706
475	598707
476	598708
477	598709
478	598710
479	598711
480	598712
481	598713
482	598714
483	598715
484	598716
485	598801
486	598802
487	598803
488	598804
489	598805
490	598806
491	598807
492	598808
493	598809
494	598810
495	598901
496	598902
497	598903
498	598904
499	598905
500	598906
501	598907
502	598908
503	598909
504	598910
505	599001
506	599002
507	599003
508	599004
509	599005
510	599006
511	599007
512	599008
513	599009
514	599010
515	599401
516	599402
517	599403
518	599404
519	599405
520	599406
521	599407
522	599408
523	599409
524	599410
525	599411
526	599412
527	599413
528	599414
529	599415
530	599601
531	599602
532	599603
533	599604
534	599605
535	599606
536	599607
537	599608
538	599609
539	599610
540	599611
541	599612
542	599613
543	599614
544	599701
545	599702
546	599703
547	599704
548	599705
549	599706
550	599707
551	599708
552	599709
553	600001
554	600002
555	600003
556	600401
557	600402
558	600403
559	600404
560	600405
561	600406
562	600901
563	600902
564	600903
565	600904
566	600905
567	600906
568	600907
569	600908
570	600909
571	600910
572	600911
573	600912
574	600913
575	600914
576	600915
577	600916
578	601001
579	601002
580	601003
581	601004
582	601005
583	601006
584	601007
585	601008
586	601009
587	601010
588	601011
589	601101
590	601102
591	601103
592	601104
593	601105
594	601106
595	601401
596	601402
597	601501
598	601601
599	601602
600	601603
601	601604
602	601605
603	601606
604	601607
605	601608
606	601609
607	601610
608	601611
609	601612
610	601613
611	601614
612	601615
613	603001
614	603002
615	603003
616	603004
617	603005
618	603006
619	603007
620	603008
621	603009
622	603901
623	603902
624	603903
625	603904
626	603905
627	603906
628	603907
629	603908
630	603909
631	603910
632	604201
633	604202
634	604203
635	604204
636	604205
637	604206
638	604207
639	604301
640	604302
641	604303
642	604304
643	604305
644	604306
645	604307
646	604308
647	604309
648	604401
649	604402
650	604403
651	604404
652	604405
653	604406
654	604407
655	604408
656	604501
657	604502
658	604503
659	604504
660	604505
661	604506
662	604507
663	604508
664	604509
665	604510
666	604511
667	604601
668	604602
669	604603
670	604604
671	604605
672	604606
673	604607
674	604901
675	604902
676	604903
677	604904
678	604905
679	604906
680	604907
681	605001
682	605002
683	605003
684	605004
685	605005
686	605006
687	605101
688	605102
689	605103
690	605104
691	605105
692	605106
693	605107
694	605108
695	605109
696	605110
697	605111
698	605112
699	605113
700	605114
701	605301
702	605302
703	605303
704	605304
705	605305
706	605306
707	605307
708	605308
709	605309
710	605310
711	605311
712	606301
713	606302
714	606303
715	606304
716	606305
717	606306
718	606307
719	606308
720	606309
721	606310
722	606311
723	606312
724	606313
725	606314
726	606315
727	606316
728	606401
729	606402
730	606403
731	606404
732	606405
733	606406
734	606407
735	606408
736	606409
737	606410
738	606411
739	606412
740	606413
741	606414
742	606415
743	606416
744	606501
745	606502
746	606503
747	606504
748	606505
749	606506
750	606507
751	606508
752	606509
753	606701
754	606702
755	606703
756	606704
757	606705
758	607001
759	607002
760	607003
761	607004
762	607005
763	607006
764	607007
765	607101
766	607102
767	607103
768	607104
769	607105
770	607106
771	607107
772	607108
773	607109
774	607110
775	607301
776	607302
777	607303
778	607304
779	607305
780	607306
781	607401
782	607402
783	607403
784	607404
785	607405
786	607406
787	607407
788	607408
789	607409
790	607410
791	607701
792	607702
793	607703
794	607704
795	607705
796	607706
797	607707
798	607708
799	607801
800	607802
801	607803
802	607804
803	607805
804	607806
805	607807
806	607808
807	607809
808	607810
809	608001
810	608002
811	608003
812	608004
813	608005
814	608006
815	608007
816	608008
817	608009
818	608010
819	608101
820	608102
821	608103
822	608104
823	608601
824	608701
825	608702
826	608703
827	608704
828	608705
829	608801
830	608802
831	608803
832	608804
833	608805
834	608806
835	608807
836	609201
837	609202
838	609203
839	609204
840	609205
841	609206
842	609207
843	609208
844	609801
845	609802
846	609803
847	609804
848	609805
849	609806
850	609807
851	609808
852	609809
853	609810
854	609811
855	609901
856	609902
857	609903
858	609904
859	609905
860	609906
861	609907
862	610101
863	610102
864	610103
865	610104
866	610105
867	610106
868	610107
869	610108
870	610109
871	610110
872	610111
873	610112
874	610113
875	610501
876	610502
877	610503
878	610504
879	610505
880	610506
881	610507
882	610508
883	610509
884	610510
885	610601
886	610602
887	610603
888	610604
889	610605
890	610606
891	610607
892	610608
893	610609
894	610610
895	610611
896	610612
897	610613
898	610701
899	610702
900	610703
901	610704
902	610705
903	610706
904	610707
905	610708
906	610709
907	610710
908	610711
909	610712
910	610713
911	610901
912	610902
913	610903
914	610904
915	610905
916	610906
917	610907
918	610908
919	610909
920	611401
921	611402
922	611403
923	611404
924	611405
925	611406
926	611407
927	611408
928	611409
929	611410
930	611411
931	611412
932	611413
933	611414
934	611501
935	611502
936	611503
937	611504
938	611505
939	611506
940	611507
941	611508
942	611509
943	611601
944	611602
945	611603
946	611604
947	611901
948	611902
949	611903
950	611904
951	611905
952	611906
953	611907
954	611908
955	611909
956	611910
957	611911
958	611912
959	612001
960	612002
961	612003
962	612004
963	612005
964	612006
965	612007
966	612008
967	612009
968	612010
969	612011
970	612012
971	612013
972	612101
973	612102
974	612103
975	612104
976	612105
977	612106
978	612107
979	612201
980	612202
981	612203
982	612204
983	612205
984	612206
985	612207
986	612208
987	612209
988	612210
989	612211
990	612212
991	612301
992	612302
993	612303
994	612304
995	612601
996	612602
997	612603
998	612604
999	612605
1000	612606
1001	612607
1002	612608
1003	612701
1004	612702
1005	612703
1006	612704
1007	612705
1008	612706
1009	612707
1010	612708
1011	612709
1012	612710
1013	612711
1014	612712
1015	612713
1016	612714
1017	612715
1018	612716
1019	612717
1020	612718
1021	612801
1022	612802
1023	612803
1024	612804
1025	612805
1026	612806
1027	612807
1028	612808
1029	612809
1030	612810
1031	612811
1032	612812
1033	612813
1034	612901
1035	612902
1036	612903
1037	612904
1038	612905
1039	612906
1040	612907
1041	612908
1042	613001
1043	613002
1044	613003
1045	613004
1046	613005
1047	613006
1048	613007
1049	613008
1050	613009
1051	613010
1052	613301
1053	613302
1054	613303
1055	613304
1056	613305
1057	613306
1058	613307
1059	613308
1060	613309
1061	614201
1062	614202
1063	614203
1064	614204
1065	614205
1066	614206
1067	614207
1068	614208
1069	614209
1070	614210
1071	614211
1072	614212
1073	614213
1074	614214
1075	614215
1076	614216
1077	614301
1078	614302
1079	614303
1080	614304
1081	614305
1082	614306
1083	614307
1084	614308
1085	614309
1086	614310
1087	614311
1088	614312
1089	614401
1090	614402
1091	614403
1092	614404
1093	614405
1094	614406
1095	614407
1096	614408
1097	614409
1098	614410
1099	614411
1100	614701
1101	614702
1102	614703
1103	614704
1104	614705
1105	614801
1106	614802
1107	614803
1108	614804
1109	614805
1110	614806
1111	614807
1112	614808
1113	614809
1114	614810
1115	614811
1116	614812
1117	614813
1118	614814
1119	614815
1120	614816
1121	614817
1122	614818
1123	614819
1124	614820
1125	614821
1126	614822
1127	614823
1128	614824
1129	614825
1130	614901
1131	614902
1132	614903
1133	614904
1134	614905
1135	614906
1136	614907
1137	614908
1138	614909
1139	614910
1140	614911
1141	614912
1142	614913
1143	614914
1144	614915
1145	614916
1146	614917
1147	614918
1148	615001
1149	615002
1150	615003
1151	615004
1152	615005
1153	615006
1154	615007
1155	615008
1156	615009
1157	615010
1158	615011
1159	615012
1160	615013
1161	615014
1162	615015
1163	615016
1164	615017
1165	615018
1166	615019
1167	615020
1168	615101
1169	615102
1170	615103
1171	615104
1172	615105
1173	615106
1174	615107
1175	615108
1176	615109
1177	615110
1178	615111
1179	615401
1180	615402
1181	615403
1182	615404
1183	615405
1184	615406
1185	615407
1186	615408
1187	615501
1188	615502
1189	615503
1190	615504
1191	615505
1192	615506
1193	615507
1194	615508
1195	615509
1196	615510
1197	615511
1198	615512
1199	615513
1200	615514
1201	615515
1202	615516
1203	615601
1204	615602
1205	615603
1206	615604
1207	615605
1208	615606
1209	615607
1210	615608
1211	615701
1212	615702
1213	615703
1214	615704
1215	615705
1216	615706
1217	615707
1218	615708
1219	615709
1220	615710
1221	615711
1222	615712
1223	615801
1224	615802
1225	615803
1226	615804
1227	615805
1228	615806
1229	615807
1230	616101
1231	616102
1232	616103
1233	616104
1234	616105
1235	616106
1236	616107
1237	616108
1238	616109
1239	616110
1240	616111
1241	616112
1242	616201
1243	616202
1244	616203
1245	616204
1246	616205
1247	616206
1248	616207
1249	616208
1250	616209
1251	616210
1252	616211
1253	616212
1254	616213
1255	616214
1256	616215
1257	616216
1258	616217
1259	616218
1260	616219
1261	616301
1262	616302
1263	616303
1264	616304
1265	616305
1266	616306
1267	616307
1268	616308
1269	616309
1270	616310
1271	616311
1272	616312
1273	616313
1274	616314
1275	616315
1276	616316
1277	616317
1278	616318
1279	616319
1280	616320
1281	616401
1282	616402
1283	616403
1284	616404
1285	616405
1286	616406
1287	616407
1288	616408
1289	616409
1290	616410
1291	616411
1292	616412
1293	616413
1294	616414
1295	616415
1296	616416
1297	616501
1298	616502
1299	616503
1300	616504
1301	616505
1302	616506
1303	616507
1304	616508
1305	616509
1306	616510
1307	616511
1308	616512
1309	616801
1310	616802
1311	616803
1312	616804
1313	616805
1314	616806
1315	616807
1316	616808
1317	616809
1318	616810
1319	616811
1320	616901
1321	616902
1322	616903
1323	616904
1324	616905
1325	616906
1326	616907
1327	616908
1328	616909
1329	616910
1330	616911
1331	616912
1332	616913
1333	616914
1334	616915
1335	616916
1336	617501
1337	617502
1338	617503
1339	617504
1340	617505
1341	617506
1342	617507
1343	617508
1344	617509
1345	617510
1346	617511
1347	617512
1348	617513
1349	617514
1350	617515
1351	617516
1352	617517
1353	617518
1354	617519
1355	617520
1356	617521
1357	617522
1358	617601
1359	617602
1360	617603
1361	617604
1362	617605
1363	617606
1364	617607
1365	617608
1366	617609
1367	617610
1368	617611
1369	617612
1370	617613
1371	617701
1372	617702
1373	617703
1374	617704
1375	617705
1376	617706
1377	617707
1378	617708
1379	617709
1380	617710
1381	617711
1382	617712
1383	617713
1384	617714
1385	617715
1386	617716
1387	617717
1388	617718
1389	617719
1390	617801
1391	617802
1392	617803
1393	617804
1394	617805
1395	617806
1396	617807
1397	617808
1398	617809
1399	617810
1400	617901
1401	617902
1402	617903
1403	617904
1404	617905
1405	617906
1406	617907
1407	617908
1408	617909
1409	617910
1410	618201
1411	618202
1412	618203
1413	618204
1414	618205
1415	618206
1416	618207
1417	618208
1418	618301
1419	618302
1420	618303
1421	618304
1422	618305
1423	618306
1424	618307
1425	618308
1426	618309
1427	618310
1428	618311
1429	618312
1430	618501
1431	618502
1432	618503
1433	618504
1434	618505
1435	618506
1436	618507
1437	618508
1438	618509
1439	618510
1440	618511
1441	618512
1442	618513
1443	618601
1444	618602
1445	618603
1446	618604
1447	618605
1448	618606
1449	618607
1450	618608
1451	618609
1452	618610
1453	618611
1454	618612
1455	618613
1456	618614
1457	618901
1458	618902
1459	618903
1460	618904
1461	618905
1462	618906
1463	618907
1464	618908
1465	618909
1466	618910
1467	618911
1468	618912
1469	618913
1470	618914
1471	618915
1472	618916
1473	619001
1474	619002
1475	619003
1476	619004
1477	619005
1478	619006
1479	619007
1480	619008
1481	619009
1482	619010
1483	619011
1484	619012
1485	619013
1486	619014
1487	619015
1488	619016
1489	619017
1490	619018
1491	619019
1492	619020
1493	619021
1494	619022
1495	619023
1496	619024
1497	619025
1498	619101
1499	619102
1500	619103
1501	619104
1502	619105
1503	619106
1504	619107
1505	619108
1506	619109
1507	619110
1508	619111
1509	619112
1510	619113
1511	619114
1512	619115
1513	619116
1514	619117
1515	619118
1516	619201
1517	619202
1518	619203
1519	619204
1520	619205
1521	619206
1522	619207
1523	619208
1524	619209
1525	619210
1526	619211
1527	619212
1528	619301
1529	619302
1530	619303
1531	619304
1532	619305
1533	619306
1534	619307
1535	619308
1536	619309
1537	619310
1538	619311
1539	619312
1540	619313
1541	619314
1542	619601
1543	619602
1544	619603
1545	619604
1546	619605
1547	619606
1548	619607
1549	619608
1550	619609
1551	619701
1552	619702
1553	619703
1554	619704
1555	619705
1556	619706
1557	619707
1558	619708
1559	619709
1560	619710
1561	619801
1562	619802
1563	619803
1564	619804
1565	619805
1566	619806
1567	619807
1568	619808
1569	619809
1570	619810
1571	619811
1572	619812
1573	619901
1574	619902
1575	619903
1576	619904
1577	619905
1578	619906
1579	619907
1580	619908
1581	620001
1582	620002
1583	620003
1584	620004
1585	620005
1586	620006
1587	620007
1588	620008
1589	620009
1590	620010
1591	621101
1592	621102
1593	621103
1594	621104
1595	621105
1596	621106
1597	621107
1598	621108
1599	621109
1600	621110
1601	621111
1602	621112
1603	621113
1604	621201
1605	621202
1606	621203
1607	621204
1608	621205
1609	621206
1610	621207
1611	621208
1612	621209
1613	621210
1614	621211
1615	621212
1616	621301
1617	621302
1618	621303
1619	621304
1620	621305
1621	621306
1622	621307
1623	621308
1624	621309
1625	621310
1626	621311
1627	621312
1628	621313
1629	621314
1630	621315
1631	621401
1632	621402
1633	621403
1634	621404
1635	621405
1636	621406
1637	621407
1638	621408
1639	621409
1640	621410
1641	621701
1642	621702
1643	621703
1644	621704
1645	621705
1646	621706
1647	621707
1648	621708
1649	621709
1650	621710
1651	621711
1652	621712
1653	621801
1654	621802
1655	621803
1656	621804
1657	621805
1658	621806
1659	621807
1660	621808
1661	621809
1662	621810
1663	621811
1664	621812
1665	621813
1666	621814
1667	621815
1668	621816
1669	621817
1670	621818
1671	621901
1672	621902
1673	621903
1674	621904
1675	621905
1676	621906
1677	621907
1678	621908
1679	621909
1680	621910
1681	621911
1682	621912
1683	622001
1684	622002
1685	622003
1686	622004
1687	622005
1688	622006
1689	622007
1690	622008
1691	622009
1692	622010
1693	622011
1694	622012
1695	622013
1696	622101
1697	622102
1698	622103
1699	622104
1700	622105
1701	622106
1702	622107
1703	622108
1704	622109
1705	622110
1706	622111
1707	622112
1708	622501
1709	622502
1710	622503
1711	622504
1712	622505
1713	622506
1714	622507
1715	622508
1716	622509
1717	622510
1718	622511
1719	622512
1720	622513
1721	622514
1722	622515
1723	622516
1724	622517
1725	622601
1726	622602
1727	622603
1728	622604
1729	622605
1730	622606
1731	622607
1732	622608
1733	622609
1734	622610
1735	622611
1736	622612
1737	622613
1738	622614
1739	622615
1740	622616
1741	622617
1742	622618
1743	622619
1744	622701
1745	622702
1746	622703
1747	622704
1748	622705
1749	622706
1750	622707
1751	622708
1752	622709
1753	622710
1754	622711
1755	622712
1756	622713
1757	622714
1758	622715
1759	622716
1760	622717
1761	622718
1762	622719
1763	622720
1764	622721
1765	622801
1766	622802
1767	622803
1768	622804
1769	622805
1770	622806
1771	622807
1772	622808
1773	623101
1774	623102
1775	623103
1776	623104
1777	623105
1778	623106
1779	623107
1780	623108
1781	623109
1782	623110
1783	623111
1784	623112
1785	623113
1786	623114
1787	623115
1788	623116
1789	623201
1790	623202
1791	623203
1792	623204
1793	623205
1794	623206
1795	623207
1796	623208
1797	623301
1798	623302
1799	623303
1800	623304
1801	623305
1802	623306
1803	623307
1804	623401
1805	623402
1806	623403
1807	623404
1808	623405
1809	623406
1810	623501
1811	623502
1812	623503
1813	623504
1814	623505
1815	623801
1816	623802
1817	623803
1818	623804
1819	623805
1820	623806
1821	623807
1822	623808
1823	623809
1824	623810
1825	623901
1826	623902
1827	623903
1828	623904
1829	623905
1830	623906
1831	623907
1832	623908
1833	623909
1834	623910
1835	623911
1836	624001
1837	624002
1838	624003
1839	624004
1840	624005
1841	624006
1842	624007
1843	624008
1844	624009
1845	624010
1846	624011
1847	624012
1848	624013
1849	624101
1850	624102
1851	624103
1852	624104
1853	624105
1854	624106
1855	624107
1856	624108
1857	624109
1858	624110
1859	624111
1860	624112
1861	624113
1862	624114
1863	624115
1864	624116
1865	624117
1866	624118
1867	624119
1868	624120
1869	624201
1870	624202
1871	624203
1872	624204
1873	624205
1874	624206
1875	624207
1876	624208
1877	624209
1878	624501
1879	624502
1880	624503
1881	624504
1882	624505
1883	624506
1884	624507
1885	624601
1886	624602
1887	624603
1888	624604
1889	624605
1890	624606
1891	624607
1892	624608
1893	624609
1894	624610
1895	624611
1896	624612
1897	624613
1898	624614
1899	624701
1900	624702
1901	624703
1902	624704
1903	624705
1904	624801
1905	624802
1906	624803
1907	624804
1908	624805
1909	624901
1910	624902
1911	624903
1912	624904
1913	624905
1914	624906
1915	624907
1916	624908
1917	625201
1918	625202
1919	625203
1920	625204
1921	625205
1922	625206
1923	625207
1924	625208
1925	625209
1926	625210
1927	625211
1928	625212
1929	625213
1930	625214
1931	625215
1932	625216
1933	625217
1934	625218
1935	625219
1936	625301
1937	625302
1938	625303
1939	625304
1940	625305
1941	625306
1942	625307
1943	625308
1944	625309
1945	625310
1946	625311
1947	625312
1948	625313
1949	625314
1950	625401
1951	625402
1952	625403
1953	625404
1954	625405
1955	625406
1956	625407
1957	625408
1958	625409
1959	625410
1960	625411
1961	625412
1962	625501
1963	625502
1964	625503
1965	625504
1966	625505
1967	625506
1968	625507
1969	625508
1970	625509
1971	625510
1972	625511
1973	625512
1974	625513
1975	625514
1976	625601
1977	625602
1978	625603
1979	625604
1980	625605
1981	625606
1982	625607
1983	625608
1984	625609
1985	625610
1986	625611
1987	625612
1988	625613
1989	626001
1990	626002
1991	626003
1992	626004
1993	626005
1994	626006
1995	626007
1996	626008
1997	626009
1998	626010
1999	626011
2000	626201
2001	626202
2002	626203
2003	626204
2004	626205
2005	626206
2006	626207
2007	626208
2008	626209
2009	626210
2010	626211
2011	626212
2012	626213
2013	626214
2014	626301
2015	626302
2016	626303
2017	626304
2018	626305
2019	626306
2020	626307
2021	626308
2022	626309
2023	626310
2024	626311
2025	626312
2026	626601
2027	626602
2028	626603
2029	626604
2030	626605
2031	626606
2032	626607
2033	626608
2034	626609
2035	626610
2036	626611
2037	626612
2038	626613
2039	626614
2040	626615
2041	626616
2042	626617
2043	626618
2044	626701
2045	626702
2046	626703
2047	626704
2048	626705
2049	626706
2050	626707
2051	626708
2052	626709
2053	626710
2054	626711
2055	626712
2056	626713
2057	626714
2058	626715
2059	626716
2060	626717
2061	626718
2062	626719
2063	626801
2064	626802
2065	626803
2066	626804
2067	626805
2068	626806
2069	626807
2070	626808
2071	626809
2072	626810
2073	626811
2074	626901
2075	626902
2076	626903
2077	626904
2078	626905
2079	626906
2080	626907
2081	626908
2082	626909
2083	626910
2084	626911
2085	626912
2086	626913
2087	627001
2088	627002
2089	627003
2090	627004
2091	627005
2092	627006
2093	627007
2094	627008
2095	627009
2096	627010
2097	627011
2098	627012
2099	627013
2100	627014
2101	627301
2102	627302
2103	627303
2104	627304
2105	627305
2106	627306
2107	627307
2108	627308
2109	627309
2110	627401
2111	627402
2112	627403
2113	627404
2114	627405
2115	627406
2116	627407
2117	627408
2118	627409
2119	627410
2120	627501
2121	627502
2122	627503
2123	627504
2124	627505
2125	627506
2126	627507
2127	627508
2128	627509
2129	627510
2130	627511
2131	627512
2132	627513
2133	627514
2134	627515
2135	627516
2136	627517
2137	627518
2138	627519
2139	627601
2140	627602
2141	627603
2142	627604
2143	627605
2144	627606
2145	627607
2146	627608
2147	627609
2148	627610
2149	627611
2150	627612
2151	627613
2152	627614
2153	627615
2154	627616
2155	627617
2156	627618
2157	627619
2158	627701
2159	627702
2160	627703
2161	627704
2162	627705
2163	627706
2164	627707
2165	627708
2166	627709
2167	627710
2168	628001
2169	628002
2170	628003
2171	628004
2172	628005
2173	628006
2174	628007
2175	628008
2176	628009
2177	628010
2178	628011
2179	628012
2180	628101
2181	628102
2182	628103
2183	628104
2184	628105
2185	628106
2186	628107
2187	628108
2188	628109
2189	628110
2190	628111
2191	628112
2192	628113
2193	628114
2194	628115
2195	628116
2196	628201
2197	628202
2198	628203
2199	628204
2200	628205
2201	628206
2202	628207
2203	628208
2204	628209
2205	628210
2206	628211
2207	628212
2208	628213
2209	628214
2210	628301
2211	628302
2212	628303
2213	628304
2214	628305
2215	628306
2216	628307
2217	628308
2218	628309
2219	628310
2220	628311
2221	628312
2222	628313
2223	628314
2224	628315
2225	628316
2226	628401
2227	628402
2228	628403
2229	628404
2230	628405
2231	628406
2232	628407
2233	628408
2234	628409
2235	628410
2236	628701
2237	628702
2238	628703
2239	628704
2240	628705
2241	628706
2242	628707
2243	628708
2244	628709
2245	628710
2246	628711
2247	628712
2248	628713
2249	628714
2250	628715
2251	628801
2252	628802
2253	628803
2254	628804
2255	628805
2256	628806
2257	628807
2258	628808
2259	628809
2260	628810
2261	628811
2262	628812
2263	628901
2264	628902
2265	628903
2266	628904
2267	628905
2268	628906
2269	628907
2270	628908
2271	628909
2272	628910
2273	629001
2274	629002
2275	629003
2276	629004
2277	629005
2278	629006
2279	629007
2280	629008
2281	629009
2282	629010
2283	629011
2284	629012
2285	629013
2286	629101
2287	629102
2288	629103
2289	629104
2290	629105
2291	629106
2292	629107
2293	629108
2294	629109
2295	629401
2296	629402
2297	629403
2298	629404
2299	629405
2300	629406
2301	629407
2302	629408
2303	629501
2304	629502
2305	629503
2306	629504
2307	629505
2308	629506
2309	629507
2310	629508
2311	629509
2312	629510
2313	629511
2314	629512
2315	629601
2316	629602
2317	629603
2318	629604
2319	629605
2320	629606
2321	629607
2322	629608
2323	629609
2324	629610
2325	629611
2326	629612
2327	629613
2328	629614
2329	629615
2330	629616
2331	629617
2332	629701
2333	629702
2334	629703
2335	629704
2336	629705
2337	629706
2338	629707
2339	629708
2340	629709
2341	629710
2342	629711
2343	629712
2344	629713
2345	629801
2346	629802
2347	629803
2348	629804
2349	629805
2350	629806
2351	629807
2352	629808
2353	629809
2354	629810
2355	629811
2356	630101
2357	630102
2358	630103
2359	630104
2360	630105
2361	630106
2362	630107
2363	630108
2364	630109
2365	630201
2366	630202
2367	630203
2368	630204
2369	630205
2370	630206
2371	630207
2372	630208
2373	630209
2374	630210
2375	630211
2376	630301
2377	630302
2378	630303
2379	630304
2380	630305
2381	630306
2382	630307
2383	630308
2384	630309
2385	630310
2386	630311
2387	630312
2388	630313
2389	630314
2390	630315
2391	630401
2392	630402
2393	630403
2394	630404
2395	630405
2396	630406
2397	630407
2398	630501
2399	630502
2400	630503
2401	630504
2402	630505
2403	630506
2404	630507
2405	630508
2406	630509
2407	630510
2408	630511
2409	630512
2410	630513
2411	630514
2412	630801
2413	630802
2414	630803
2415	630804
2416	630805
2417	630806
2418	630807
2419	630808
2420	630809
2421	630810
2422	630811
2423	630812
2424	630813
2425	630901
2426	630902
2427	630903
2428	630904
2429	630905
2430	630906
2431	630907
2432	630908
2433	630909
2434	630910
2435	630911
2436	630912
2437	630913
2438	630914
2439	630915
2440	631001
2441	631002
2442	631003
2443	631004
2444	631005
2445	631006
2446	631007
2447	631008
2448	631009
2449	631010
2450	631011
2451	631012
2452	631013
2453	631014
2454	631015
2455	631016
2456	631101
2457	631102
2458	631103
2459	631104
2460	631105
2461	631106
2462	631107
2463	631108
2464	631109
2465	631110
2466	631111
2467	631112
2468	631113
2469	631114
2470	631115
2471	631116
2472	631117
2473	631201
2474	631202
2475	631203
2476	631204
2477	631205
2478	631206
2479	631501
2480	631502
2481	631503
2482	631504
2483	631505
2484	631506
2485	631507
2486	631508
2487	631509
2488	631601
2489	631602
2490	631603
2491	631604
2492	631605
2493	631606
2494	631607
2495	631608
2496	631609
2497	631610
2498	631611
2499	631612
2500	631613
2501	631614
2502	631615
2503	631701
2504	631702
2505	631703
2506	631704
2507	631705
2508	631706
2509	631707
2510	631708
2511	631709
2512	631801
2513	631802
2514	631803
2515	631804
2516	631805
2517	631806
2518	631807
2519	631808
2520	631809
2521	631810
2522	631811
2523	631812
2524	631813
2525	631814
2526	631815
2527	631816
2528	631817
2529	631901
2530	631902
2531	631903
2532	631904
2533	631905
2534	631906
2535	631907
2536	631908
2537	632201
2538	632202
2539	632203
2540	632204
2541	632205
2542	632206
2543	632207
2544	632208
2545	632209
2546	632301
2547	632302
2548	632303
2549	632304
2550	632305
2551	632306
2552	632307
2553	632308
2554	632309
2555	632310
2556	632311
2557	632312
2558	632313
2559	632314
2560	632315
2561	632316
2562	632317
2563	632318
2564	632319
2565	632401
2566	632402
2567	632403
2568	632404
2569	632405
2570	632406
2571	632407
2572	632408
2573	632409
2574	632410
2575	632411
2576	632412
2577	632413
2578	632414
2579	632501
2580	632502
2581	632503
2582	632504
2583	632505
2584	632506
2585	632507
2586	632508
2587	632509
2588	632601
2589	632602
2590	632603
2591	632604
2592	632605
2593	632606
2594	632607
2595	632608
2596	632609
2597	632610
2598	632611
2599	632612
2600	632613
2601	632901
2602	632902
2603	632903
2604	632904
2605	632905
2606	632906
2607	632907
2608	632908
2609	632909
2610	633001
2611	633002
2612	633003
2613	633004
2614	633005
2615	633006
2616	633007
2617	633008
2618	633009
2619	633010
2620	633011
2621	633101
2622	633102
2623	633103
2624	633104
2625	633105
2626	633106
2627	633107
2628	633108
2629	633109
2630	633110
2631	633111
2632	633112
2633	633113
2634	633114
2635	633115
2636	633201
2637	633202
2638	633203
2639	633204
2640	633205
2641	633206
2642	633207
2643	633208
2644	633209
2645	633210
2646	633301
2647	633302
2648	633601
2649	633602
2650	633603
2651	633604
2652	633605
2653	633606
2654	633607
2655	633608
2656	633609
2657	633610
2658	633701
2659	633702
2660	633703
2661	633704
2662	633705
2663	633706
2664	633707
2665	633708
2666	633709
2667	633710
2668	633711
2669	633712
2670	633713
2671	633714
2672	633715
2673	633801
2674	633802
2675	633803
2676	633804
2677	633805
2678	633806
2679	633807
2680	633808
2681	633809
2682	633810
2683	633811
2684	633812
2685	633813
2686	633814
2687	633815
2688	633816
2689	633817
2690	633818
2691	633819
2692	633820
2693	633821
2694	633822
2695	633823
2696	633901
2697	633902
2698	633903
2699	633904
2700	633905
2701	633906
2702	634001
2703	634002
2704	634003
2705	634004
2706	634005
2707	634006
2708	634007
2709	634008
2710	634009
2711	634401
2712	634402
2713	634403
2714	634404
2715	634405
2716	634406
2717	634407
2718	634408
2719	634409
2720	634410
2721	634411
2722	634412
2723	634413
2724	634414
2725	634415
2726	634416
2727	634417
2728	634418
2729	634419
2730	634420
2731	634501
2732	634502
2733	634503
2734	634504
2735	634505
2736	634506
2737	634507
2738	634508
2739	634509
2740	634510
2741	634511
2742	634512
2743	634513
2744	634601
2745	634602
2746	634603
2747	634604
2748	634605
2749	634606
2750	634701
2751	634702
2752	634703
2753	634704
2754	634705
2755	634706
2756	634707
2757	634708
2758	634709
2759	634710
2760	634711
2761	634712
2762	634713
2763	634714
2764	635001
2765	635002
2766	635003
2767	635004
2768	635005
2769	635006
2770	635007
2771	635008
2772	635009
2773	635010
2774	635011
2775	635012
2776	635013
2777	635014
2778	635015
2779	635016
2780	635017
2781	635101
2782	635102
2783	635103
2784	635104
2785	635105
2786	635106
2787	635107
2788	635108
2789	635109
2790	635110
2791	635111
2792	635112
2793	635113
2794	635114
2795	635115
2796	635116
2797	635117
2798	635118
2799	635119
2800	635120
2801	635121
2802	635122
2803	635201
2804	635202
2805	635203
2806	635204
2807	635205
2808	635206
2809	635207
2810	635208
2811	635209
2812	635210
2813	635211
2814	635212
2815	635213
2816	635214
2817	635215
2818	635216
2819	635217
2820	635218
2821	635219
2822	635220
2823	635221
2824	635222
2825	635301
2826	635302
2827	635303
2828	635304
2829	635305
2830	635306
2831	635307
2832	635308
2833	635309
2834	635310
2835	635311
2836	635312
2837	635313
2838	635314
2839	635315
2840	635316
2841	635401
2842	635402
2843	635403
2844	635404
2845	635405
2846	635406
2847	635407
2848	635408
2849	635409
2850	635410
2851	635411
2852	635412
2853	635413
2854	636401
2855	636402
2856	636403
2857	636404
2858	636405
2859	636406
2860	636407
2861	636408
2862	636409
2863	636410
2864	636411
2865	636412
2866	636413
2867	636414
2868	636415
2869	636416
2870	636417
2871	636418
2872	636419
2873	636420
2874	636421
2875	636422
2876	636423
2877	636424
2878	636425
2879	636426
2880	636501
2881	636502
2882	636503
2883	636504
2884	636505
2885	636506
2886	636507
2887	636508
2888	636509
2889	636510
2890	636511
2891	636512
2892	636513
2893	636514
2894	636515
2895	636516
2896	636517
2897	636518
2898	636519
2899	636520
2900	636521
2901	636522
2902	636523
2903	636524
2904	636601
2905	636602
2906	636603
2907	636604
2908	636605
2909	636606
2910	636607
2911	636608
2912	636609
2913	636610
2914	636611
2915	636612
2916	636613
2917	636614
2918	636615
2919	636616
2920	636617
2921	636618
2922	636619
2923	636620
2924	636621
2925	636622
2926	636623
2927	636624
2928	636625
2929	636701
2930	636702
2931	636703
2932	636704
2933	636705
2934	636706
2935	636707
2936	636708
2937	636709
2938	636710
2939	636711
2940	636712
2941	636713
2942	636714
2943	636715
2944	636716
2945	636717
2946	636801
2947	636802
2948	636803
2949	636804
2950	636805
2951	636806
2952	636807
2953	636808
