5883
6251	6262
5903
5926
5989
6100
6113
6113
6317
6350
6121
6122
5960
6126
6182
6301
6128
6142
6148
6149
6149
6163
6077
6181
6188
6108
6113
6121
6132
6168
6188
6188
6188
6188
6245
6251	6262
6251	6262
6265	6276
6283
6308
6330
6330
6350
6350
6189
6190
6191
6217
5996
6157
6217
6220
6349
5975
6128
6224
6311
6224
6225
6234
6238
6062
6239
6240
6244
6308
6246
6265	6276
5975
6128
6265	6276
6265	6276
6149
6288
5908
5922
6045
6050
6069
6157
6216
6226
6265	6276
6280
6288
6289
6323
6344
6353
6303
6304
6308
6315
6318
6323
6329
6330
6337
6352
6364
6366
6366
5866
5867
5883
6251	6262
5867
5894
6041
6079
6176
6234
6309
6344
5939
5989
5995
6003
6008
6015
6080
6087
6244
6265	6276
5895
6098
6343
6142
6148
5854
6129
6163
6220
6349
6052
6070
6100
6127
6157
6188
6240
6281
6317
6072
6246
6087
6244
6265	6276
6280
6106
6156
6227
6296
6304
6310
6310
6314
6321
6364
