0001	584801
0002	584802
0003	584803
0004	584804
0005	584805
0006	584806
0007	584807
0008	584808
0009	584809
0010	584810
0011	584811
0012	585001
0013	585002
0014	585003
0015	585004
0016	585005
0017	585006
0018	585007
0019	585008
0020	585009
0021	585010
0022	585011
0023	585012
0024	585013
0025	585014
0026	585015
0027	585016
0028	585017
0029	585018
0030	585019
0031	585501
0032	585502
0033	585503
0034	585504
0035	585505
0036	585506
0037	585507
0038	585508
0039	585509
0040	585510
0041	585511
0042	586401
0043	586402
0044	586403
0045	586404
0046	586405
0047	586406
0048	586407
0049	586408
0050	586409
0051	586410
0052	586411
0053	586412
0054	586413
0055	586414
0056	586415
0057	586701
0058	586702
0059	586703
0060	586704
0061	586705
0062	586706
0063	586707
0064	586708
0065	586709
0066	586710
0067	586711
0068	586712
0069	586713
0070	586714
0071	586801
0072	586802
0073	586803
0074	586804
0075	586805
0076	586806
0077	586807
0078	586808
0079	586809
0080	586810
0081	586811
0082	586812
0083	586813
0084	586814
0085	586815
0086	586816
0087	586817
0088	586818
0089	586901
0090	586902
0091	586903
0092	586904
0093	586905
0094	586906
0095	586907
0096	586908
0097	586909
0098	586910
0099	586911
0100	586912
0101	586913
0102	586914
0103	586915
0104	586916
0105	587101
0106	587102
0107	587103
0108	587104
0109	587105
0110	587106
0111	587107
0112	587108
0113	587109
0114	587110
0115	588301
0116	588302
0117	588303
0118	588304
0119	588305
0120	588306
0121	588307
0122	588308
0123	588309
0124	588310
0125	588311
0126	588401
0127	588402
0128	588403
0129	588404
0130	588405
0131	588406
0132	588407
0133	588408
0134	588409
0135	588410
0136	588411
0137	588412
0138	588413
0139	588414
0140	588415
0141	588416
0142	588417
0143	588418
0144	589001
0145	589002
0146	589003
0147	589004
0148	589005
0149	589006
0150	589007
0151	589008
0152	589009
0153	589010
0154	589011
0155	589012
0156	589013
0157	589014
0158	589015
0159	589016
0160	589017
0161	589018
0162	589101
0163	589102
0164	589103
0165	589201
0166	589202
0167	589203
0168	589204
0169	589205
0170	589206
0171	589207
0172	589208
0173	589209
0174	589210
0175	589501
0176	589502
0177	589503
0178	589504
0179	589505
0180	589506
0181	589507
0182	589508
0183	589509
0184	589510
0185	589601
0186	589602
0187	589603
0188	589604
0189	589605
0190	589606
0191	589607
0192	589608
0193	589609
0194	589610
0195	589611
0196	589701
0197	589702
0198	589703
0199	589704
0200	589705
0201	589706
0202	589707
0203	589708
0204	589709
0205	589710
0206	589711
0207	589712
0208	589713
0209	589714
0210	589715
0211	589716
0212	589717
0213	589718
0214	589719
0215	589720
0216	590201
0217	590202
0218	590203
0219	590204
0220	590205
0221	590206
0222	590207
0223	590208
0224	590209
0225	590210
0226	590401
0227	590402
0228	590403
0229	590404
0230	590405
0231	590406
0232	590407
0233	590408
0234	590409
0235	590410
0236	590411
0237	590412
0238	590413
0239	590414
0240	590415
0241	590601
0242	590602
0243	590603
0244	590604
0245	590605
0246	590606
0247	590607
0248	590608
0249	590901
0250	590902
0251	590903
0252	590904
0253	590905
0254	590906
0255	590907
0256	591101
0257	591102
0258	591103
0259	591104
0260	591105
0261	591201
0262	591202
0263	591203
0264	591204
0265	591205
0266	591206
0267	591207
0268	591208
0269	591209
0270	591210
0271	591211
0272	591212
0273	591213
0274	591301
0275	591302
0276	591303
0277	591304
0278	591305
0279	591306
0280	591307
0281	591308
0282	591601
0283	591602
0284	591603
0285	591604
0286	591605
0287	591701
0288	591702
0289	591703
0290	591704
0291	591705
0292	591706
0293	591707
0294	591708
0295	591709
0296	591710
0297	591711
0298	591712
0299	591713
0300	591714
0301	591715
0302	591716
0303	591717
0304	591718
0305	592001
0306	592002
0307	592003
0308	592004
0309	592005
0310	592006
0311	592301
0312	592302
0313	592303
0314	592304
0315	592305
0316	592306
0317	592307
0318	592308
0319	592309
0320	592310
0321	592311
0322	592312
0323	592313
0324	592314
0325	592315
0326	592316
0327	592317
0328	592318
0329	592319
0330	592401
0331	592402
0332	592403
0333	592404
0334	592405
0335	592406
0336	592407
0337	592408
0338	592409
0339	592701
0340	592702
0341	592703
0342	592704
0343	592705
0344	592706
0345	592707
0346	592708
0347	592709
0348	592710
0349	592711
0350	592712
0351	593001
0352	593002
0353	593003
0354	593004
0355	593005
0356	593006
0357	593007
0358	593008
0359	593009
0360	593201
0361	593202
0362	593203
0363	593204
0364	593205
0365	593206
0366	593207
0367	593208
0368	593209
0369	593210
0370	593701
0371	593702
0372	593703
0373	593704
0374	593705
0375	593706
0376	593707
0377	593708
0378	593709
0379	593710
0380	593901
0381	593902
0382	593903
0383	593904
0384	593905
0385	593906
0386	593907
0387	593908
0388	593909
0389	593910
0390	593911
0391	593912
0392	594001
0393	594002
0394	594003
0395	594004
0396	594005
0397	594006
0398	594007
0399	594008
0400	594009
0401	594010
0402	594011
0403	594012
0404	594013
0405	594014
0406	594015
0407	594016
0408	594017
0409	594018
0410	594019
0411	595501
0412	595502
0413	595503
0414	595504
0415	595505
0416	595506
0417	595507
0418	595508
0419	595509
0420	595510
0421	595511
0422	595901
0423	595902
0424	595903
0425	595904
0426	595905
0427	595906
0428	595907
0429	595908
0430	595909
0431	595910
0432	595911
0433	595912
0434	596101
0435	596102
0436	596103
0437	596104
0438	596105
0439	596106
0440	596201
0441	596202
0442	596203
0443	596204
0444	596205
0445	596206
0446	597601
0447	597602
0448	597603
0449	597604
0450	597605
0451	597606
0452	597607
0453	597608
0454	597609
0455	597610
0456	597611
0457	598601
0458	598602
0459	598603
0460	598604
0461	598605
0462	598606
0463	598607
0464	598608
0465	598609
0466	598610
0467	598611
0468	598612
0469	598701
0470	598702
0471	598703
0472	598704
0473	598705
0474	598706
0475	598707
0476	598708
0477	598709
0478	598710
0479	598711
0480	598712
0481	598713
0482	598714
0483	598715
0484	598716
0485	598801
0486	598802
0487	598803
0488	598804
0489	598805
0490	598806
0491	598807
0492	598808
0493	598809
0494	598810
0495	598901
0496	598902
0497	598903
0498	598904
0499	598905
0500	598906
0501	598907
0502	598908
0503	598909
0504	598910
0505	599001
0506	599002
0507	599003
0508	599004
0509	599005
0510	599006
0511	599007
0512	599008
0513	599009
0514	599010
0515	599401
0516	599402
0517	599403
0518	599404
0519	599405
0520	599406
0521	599407
0522	599408
0523	599409
0524	599410
0525	599411
0526	599412
0527	599413
0528	599414
0529	599415
0530	599601
0531	599602
0532	599603
0533	599604
0534	599605
0535	599606
0536	599607
0537	599608
0538	599609
0539	599610
0540	599611
0541	599612
0542	599613
0543	599614
0544	599701
0545	599702
0546	599703
0547	599704
0548	599705
0549	599706
0550	599707
0551	599708
0552	599709
0553	600001
0554	600002
0555	600003
0556	600401
0557	600402
0558	600403
0559	600404
0560	600405
0561	600406
0562	600901
0563	600902
0564	600903
0565	600904
0566	600905
0567	600906
0568	600907
0569	600908
0570	600909
0571	600910
0572	600911
0573	600912
0574	600913
0575	600914
0576	600915
0577	600916
0578	601001
0579	601002
0580	601003
0581	601004
0582	601005
0583	601006
0584	601007
0585	601008
0586	601009
0587	601010
0588	601011
0589	601101
0590	601102
0591	601103
0592	601104
0593	601105
0594	601106
0595	601401
0596	601402
0597	601501
0598	601601
0599	601602
0600	601603
0601	601604
0602	601605
0603	601606
0604	601607
0605	601608
0606	601609
0607	601610
0608	601611
0609	601612
0610	601613
0611	601614
0612	601615
0613	603001
0614	603002
0615	603003
0616	603004
0617	603005
0618	603006
0619	603007
0620	603008
0621	603009
0622	603901
0623	603902
0624	603903
0625	603904
0626	603905
0627	603906
0628	603907
0629	603908
0630	603909
0631	603910
0632	604201
0633	604202
0634	604203
0635	604204
0636	604205
0637	604206
0638	604207
0639	604301
0640	604302
0641	604303
0642	604304
0643	604305
0644	604306
0645	604307
0646	604308
0647	604309
0648	604401
0649	604402
0650	604403
0651	604404
0652	604405
0653	604406
0654	604407
0655	604408
0656	604501
0657	604502
0658	604503
0659	604504
0660	604505
0661	604506
0662	604507
0663	604508
0664	604509
0665	604510
0666	604511
0667	604601
0668	604602
0669	604603
0670	604604
0671	604605
0672	604606
0673	604607
0674	604901
0675	604902
0676	604903
0677	604904
0678	604905
0679	604906
0680	604907
0681	605001
0682	605002
0683	605003
0684	605004
0685	605005
0686	605006
0687	605101
0688	605102
0689	605103
0690	605104
0691	605105
0692	605106
0693	605107
0694	605108
0695	605109
0696	605110
0697	605111
0698	605112
0699	605113
0700	605114
0701	605301
0702	605302
0703	605303
0704	605304
0705	605305
0706	605306
0707	605307
0708	605308
0709	605309
0710	605310
0711	605311
0712	606301
0713	606302
0714	606303
0715	606304
0716	606305
0717	606306
0718	606307
0719	606308
0720	606309
0721	606310
0722	606311
0723	606312
0724	606313
0725	606314
0726	606315
0727	606316
0728	606401
0729	606402
0730	606403
0731	606404
0732	606405
0733	606406
0734	606407
0735	606408
0736	606409
0737	606410
0738	606411
0739	606412
0740	606413
0741	606414
0742	606415
0743	606416
0744	606501
0745	606502
0746	606503
0747	606504
0748	606505
0749	606506
0750	606507
0751	606508
0752	606509
0753	606701
0754	606702
0755	606703
0756	606704
0757	606705
0758	607001
0759	607002
0760	607003
0761	607004
0762	607005
0763	607006
0764	607007
0765	607101
0766	607102
0767	607103
0768	607104
0769	607105
0770	607106
0771	607107
0772	607108
0773	607109
0774	607110
0775	607301
0776	607302
0777	607303
0778	607304
0779	607305
0780	607306
0781	607401
0782	607402
0783	607403
0784	607404
0785	607405
0786	607406
0787	607407
0788	607408
0789	607409
0790	607410
0791	607701
0792	607702
0793	607703
0794	607704
0795	607705
0796	607706
0797	607707
0798	607708
0799	607801
0800	607802
0801	607803
0802	607804
0803	607805
0804	607806
0805	607807
0806	607808
0807	607809
0808	607810
0809	608001
0810	608002
0811	608003
0812	608004
0813	608005
0814	608006
0815	608007
0816	608008
0817	608009
0818	608010
0819	608101
0820	608102
0821	608103
0822	608104
0823	608601
0824	608701
0825	608702
0826	608703
0827	608704
0828	608705
0829	608801
0830	608802
0831	608803
0832	608804
0833	608805
0834	608806
0835	608807
0836	609201
0837	609202
0838	609203
0839	609204
0840	609205
0841	609206
0842	609207
0843	609208
0844	609801
0845	609802
0846	609803
0847	609804
0848	609805
0849	609806
0850	609807
0851	609808
0852	609809
0853	609810
0854	609811
0855	609901
0856	609902
0857	609903
0858	609904
0859	609905
0860	609906
0861	609907
0862	610101
0863	610102
0864	610103
0865	610104
0866	610105
0867	610106
0868	610107
0869	610108
0870	610109
0871	610110
0872	610111
0873	610112
0874	610113
0875	610501
0876	610502
0877	610503
0878	610504
0879	610505
0880	610506
0881	610507
0882	610508
0883	610509
0884	610510
0885	610601
0886	610602
0887	610603
0888	610604
0889	610605
0890	610606
0891	610607
0892	610608
0893	610609
0894	610610
0895	610611
0896	610612
0897	610613
0898	610701
0899	610702
0900	610703
0901	610704
0902	610705
0903	610706
0904	610707
0905	610708
0906	610709
0907	610710
0908	610711
0909	610712
0910	610713
0911	610901
0912	610902
0913	610903
0914	610904
0915	610905
0916	610906
0917	610907
0918	610908
0919	610909
0920	611401
0921	611402
0922	611403
0923	611404
0924	611405
0925	611406
0926	611407
0927	611408
0928	611409
0929	611410
0930	611411
0931	611412
0932	611413
0933	611414
0934	611501
0935	611502
0936	611503
0937	611504
0938	611505
0939	611506
0940	611507
0941	611508
0942	611509
0943	611601
0944	611602
0945	611603
0946	611604
0947	611901
0948	611902
0949	611903
0950	611904
0951	611905
0952	611906
0953	611907
0954	611908
0955	611909
0956	611910
0957	611911
0958	611912
0959	612001
0960	612002
0961	612003
0962	612004
0963	612005
0964	612006
0965	612007
0966	612008
0967	612009
0968	612010
0969	612011
0970	612012
0971	612013
0972	612101
0973	612102
0974	612103
0975	612104
0976	612105
0977	612106
0978	612107
0979	612201
0980	612202
0981	612203
0982	612204
0983	612205
0984	612206
0985	612207
0986	612208
0987	612209
0988	612210
0989	612211
0990	612212
0991	612301
0992	612302
0993	612303
0994	612304
0995	612601
0996	612602
0997	612603
0998	612604
0999	612605
1000	612606
1001	612607
1002	612608
1003	612701
1004	612702
1005	612703
1006	612704
1007	612705
1008	612706
1009	612707
1010	612708
1011	612709
1012	612710
1013	612711
1014	612712
1015	612713
1016	612714
1017	612715
1018	612716
1019	612717
1020	612718
1021	612801
1022	612802
1023	612803
1024	612804
1025	612805
1026	612806
1027	612807
1028	612808
1029	612809
1030	612810
1031	612811
1032	612812
1033	612813
1034	612901
1035	612902
1036	612903
1037	612904
1038	612905
1039	612906
1040	612907
1041	612908
1042	613001
1043	613002
1044	613003
1045	613004
1046	613005
1047	613006
1048	613007
1049	613008
1050	613009
1051	613010
1052	613301
1053	613302
1054	613303
1055	613304
1056	613305
1057	613306
1058	613307
1059	613308
1060	613309
1061	614201
1062	614202
1063	614203
1064	614204
1065	614205
1066	614206
1067	614207
1068	614208
1069	614209
1070	614210
1071	614211
1072	614212
1073	614213
1074	614214
1075	614215
1076	614216
1077	614301
1078	614302
1079	614303
1080	614304
1081	614305
1082	614306
1083	614307
1084	614308
1085	614309
1086	614310
1087	614311
1088	614312
1089	614401
1090	614402
1091	614403
1092	614404
1093	614405
1094	614406
1095	614407
1096	614408
1097	614409
1098	614410
1099	614411
1100	614701
1101	614702
1102	614703
1103	614704
1104	614705
1105	614801
1106	614802
1107	614803
1108	614804
1109	614805
1110	614806
1111	614807
1112	614808
1113	614809
1114	614810
1115	614811
1116	614812
1117	614813
1118	614814
1119	614815
1120	614816
1121	614817
1122	614818
1123	614819
1124	614820
1125	614821
1126	614822
1127	614823
1128	614824
1129	614825
1130	614901
1131	614902
1132	614903
1133	614904
1134	614905
1135	614906
1136	614907
1137	614908
1138	614909
1139	614910
1140	614911
1141	614912
1142	614913
1143	614914
1144	614915
1145	614916
1146	614917
1147	614918
1148	615001
1149	615002
1150	615003
1151	615004
1152	615005
1153	615006
1154	615007
1155	615008
1156	615009
1157	615010
1158	615011
1159	615012
1160	615013
1161	615014
1162	615015
1163	615016
1164	615017
1165	615018
1166	615019
1167	615020
1168	615101
1169	615102
1170	615103
1171	615104
1172	615105
1173	615106
1174	615107
1175	615108
1176	615109
1177	615110
1178	615111
1179	615401
1180	615402
1181	615403
1182	615404
1183	615405
1184	615406
1185	615407
1186	615408
1187	615501
1188	615502
1189	615503
1190	615504
1191	615505
1192	615506
1193	615507
1194	615508
1195	615509
1196	615510
1197	615511
1198	615512
1199	615513
1200	615514
1201	615515
1202	615516
1203	615601
1204	615602
1205	615603
1206	615604
1207	615605
1208	615606
1209	615607
1210	615608
1211	615701
1212	615702
1213	615703
1214	615704
1215	615705
1216	615706
1217	615707
1218	615708
1219	615709
1220	615710
1221	615711
1222	615712
1223	615801
1224	615802
1225	615803
1226	615804
1227	615805
1228	615806
1229	615807
1230	616101
1231	616102
1232	616103
1233	616104
1234	616105
1235	616106
1236	616107
1237	616108
1238	616109
1239	616110
1240	616111
1241	616112
1242	616201
1243	616202
1244	616203
1245	616204
1246	616205
1247	616206
1248	616207
1249	616208
1250	616209
1251	616210
1252	616211
1253	616212
1254	616213
1255	616214
1256	616215
1257	616216
1258	616217
1259	616218
1260	616219
1261	616301
1262	616401
1263	616402
1264	616403
1265	616404
1266	616405
1267	616406
1268	616407
1269	616408
1270	616409
1271	616410
1272	616411
1273	616412
1274	616413
1275	616414
1276	616415
1277	616416
1278	616501
1279	616502
1280	616503
1281	616504
1282	616505
1283	616506
1284	616507
1285	616508
1286	616509
1287	616510
1288	616511
1289	616512
1290	616801
1291	616802
1292	616803
1293	616804
1294	616805
1295	616806
1296	616807
1297	616808
1298	616809
1299	616810
1300	616811
1301	616901
1302	616902
1303	616903
1304	616904
1305	616905
1306	616906
1307	616907
1308	616908
1309	616909
1310	616910
1311	616911
1312	616912
1313	616913
1314	616914
1315	616915
1316	616916
1317	617501
1318	617502
1319	617503
1320	617504
1321	617505
1322	617506
1323	617507
1324	617508
1325	617509
1326	617510
1327	617511
1328	617512
1329	617513
1330	617514
1331	617515
1332	617516
1333	617517
1334	617518
1335	617519
1336	617520
1337	617521
1338	617522
1339	617601
1340	617602
1341	617603
1342	617604
1343	617605
1344	617606
1345	617607
1346	617608
1347	617609
1348	617610
1349	617611
1350	617612
1351	617613
1352	617701
1353	617702
1354	617703
1355	617704
1356	617705
1357	617706
1358	617707
1359	617708
1360	617709
1361	617710
1362	617711
1363	617712
1364	617713
1365	617714
1366	617715
1367	617716
1368	617717
1369	617718
1370	617719
1371	617801
1372	617802
1373	617803
1374	617804
1375	617805
1376	617806
1377	617807
1378	617808
1379	617809
1380	617810
1381	617901
1382	617902
1383	617903
1384	617904
1385	617905
1386	617906
1387	617907
1388	617908
1389	617909
1390	617910
1391	618201
1392	618202
1393	618203
1394	618204
1395	618205
1396	618206
1397	618207
1398	618208
1399	618301
1400	618302
1401	618303
1402	618304
1403	618305
1404	618306
1405	618307
1406	618308
1407	618309
1408	618310
1409	618311
1410	618312
1411	618501
1412	618502
1413	618503
1414	618504
1415	618505
1416	618506
1417	618507
1418	618508
1419	618509
1420	618510
1421	618511
1422	618512
1423	618601
1424	618602
1425	618603
1426	618604
1427	618605
1428	618606
1429	618607
1430	618608
1431	618609
1432	618610
1433	618611
1434	618901
1435	618902
1436	618903
1437	618904
1438	618905
1439	618906
1440	618907
1441	618908
1442	618909
1443	618910
1444	618911
1445	618912
1446	618913
1447	618914
1448	618915
1449	618916
1450	619001
1451	619002
1452	619003
1453	619004
1454	619005
1455	619006
1456	619007
1457	619008
1458	619009
1459	619010
1460	619011
1461	619012
1462	619013
1463	619014
1464	619015
1465	619016
1466	619017
1467	619018
1468	619019
1469	619020
1470	619021
1471	619022
1472	619023
1473	619024
1474	619025
1475	619101
1476	619102
1477	619103
1478	619104
1479	619105
1480	619106
1481	619107
1482	619108
1483	619109
1484	619110
1485	619111
1486	619112
1487	619113
1488	619114
1489	619115
1490	619116
1491	619117
1492	619118
1493	619201
1494	619202
1495	619203
1496	619204
1497	619205
1498	619206
1499	619207
1500	619208
1501	619209
1502	619210
1503	619211
1504	619212
1505	619301
1506	619302
1507	619303
1508	619304
1509	619305
1510	619306
1511	619307
1512	619308
1513	619309
1514	619601
1515	619602
1516	619603
1517	619604
1518	619605
1519	619606
1520	619607
1521	619608
1522	619609
1523	619701
1524	619702
1525	619703
1526	619704
1527	619705
1528	619706
1529	619707
1530	619708
1531	619709
1532	619710
1533	619801
1534	619802
1535	619803
1536	619804
1537	619805
1538	619806
1539	619807
1540	619808
1541	619809
1542	619810
1543	619811
1544	619812
1545	619901
1546	619902
1547	619903
1548	619904
1549	619905
1550	619906
1551	619907
1552	619908
1553	620001
1554	620002
1555	620003
1556	620004
1557	620005
1558	620006
1559	620007
1560	620008
1561	620009
1562	620010
1563	621101
1564	621102
1565	621103
1566	621104
1567	621105
1568	621106
1569	621107
1570	621108
1571	621109
1572	621110
1573	621111
1574	621112
1575	621113
1576	621201
1577	621202
1578	621203
1579	621204
1580	621205
1581	621206
1582	621207
1583	621208
1584	621209
1585	621210
1586	621211
1587	621212
1588	621301
1589	621302
1590	621303
1591	621304
1592	621305
1593	621306
1594	621307
1595	621308
1596	621309
1597	621310
1598	621311
1599	621312
1600	621313
1601	621314
1602	621315
1603	621401
1604	621402
1605	621403
1606	621404
1607	621405
1608	621406
1609	621407
1610	621408
1611	621409
1612	621410
1613	621701
1614	621702
1615	621703
1616	621704
1617	621705
1618	621706
1619	621707
1620	621708
1621	621709
1622	621710
1623	621711
1624	621712
1625	621801
1626	621802
1627	621803
1628	621804
1629	621805
1630	621806
1631	621807
1632	621808
1633	621809
1634	621810
1635	621811
1636	621812
1637	621813
1638	621814
1639	621815
1640	621816
1641	621817
1642	621818
1643	621901
1644	621902
1645	621903
1646	621904
1647	621905
1648	621906
1649	621907
1650	621908
1651	621909
1652	621910
1653	621911
1654	621912
1655	622001
1656	622002
1657	622003
1658	622004
1659	622005
1660	622006
1661	622007
1662	622008
1663	622009
1664	622010
1665	622011
1666	622012
1667	622013
1668	622101
1669	622102
1670	622103
1671	622104
1672	622105
1673	622106
1674	622107
1675	622108
1676	622109
1677	622110
1678	622111
1679	622112
1680	622501
1681	622502
1682	622503
1683	622504
1684	622505
1685	622506
1686	622507
1687	622508
1688	622509
1689	622510
1690	622511
1691	622512
1692	622513
1693	622514
1694	622515
1695	622516
1696	622517
1697	622601
1698	622602
1699	622603
1700	622604
1701	622605
1702	622606
1703	622607
1704	622608
1705	622609
1706	622610
1707	622611
1708	622612
1709	622613
1710	622614
1711	622615
1712	622616
1713	622617
1714	622618
1715	622619
1716	622701
1717	622702
1718	622703
1719	622704
1720	622705
1721	622706
1722	622707
1723	622708
1724	622709
1725	622710
1726	622711
1727	622712
1728	622713
1729	622714
1730	622715
1731	622716
1732	622717
1733	622718
1734	622719
1735	622801
1736	622802
1737	622803
1738	622804
1739	622805
1740	622806
1741	622807
1742	622808
1743	623101
1744	623102
1745	623103
1746	623104
1747	623105
1748	623106
1749	623107
1750	623108
1751	623109
1752	623110
1753	623111
1754	623112
1755	623113
1756	623114
1757	623115
1758	623116
1759	623201
1760	623202
1761	623203
1762	623204
1763	623205
1764	623206
1765	623207
1766	623208
1767	623301
1768	623302
1769	623303
1770	623304
1771	623305
1772	623306
1773	623307
1774	623401
1775	623402
1776	623403
1777	623404
1778	623405
1779	623406
1780	623501
1781	623502
1782	623503
1783	623504
1784	623505
1785	623801
1786	623802
1787	623803
1788	623804
1789	623805
1790	623806
1791	623807
1792	623808
1793	623809
1794	623810
1795	623901
1796	623902
1797	623903
1798	623904
1799	623905
1800	623906
1801	623907
1802	623908
1803	623909
1804	623910
1805	623911
1806	624001
1807	624002
1808	624003
1809	624004
1810	624005
1811	624006
1812	624007
1813	624008
1814	624009
1815	624010
1816	624011
1817	624012
1818	624013
1819	624101
1820	624102
1821	624103
1822	624104
1823	624105
1824	624106
1825	624107
1826	624108
1827	624109
1828	624110
1829	624111
1830	624112
1831	624113
1832	624114
1833	624115
1834	624116
1835	624117
1836	624118
1837	624119
1838	624120
1839	624201
1840	624202
1841	624203
1842	624204
1843	624205
1844	624206
1845	624207
1846	624208
1847	624209
1848	624501
1849	624502
1850	624503
1851	624504
1852	624505
1853	624506
1854	624507
1855	624601
1856	624602
1857	624603
1858	624604
1859	624605
1860	624606
1861	624607
1862	624608
1863	624609
1864	624610
1865	624611
1866	624612
1867	624613
1868	624614
1869	624701
1870	624702
1871	624703
1872	624704
1873	624705
1874	624801
1875	624802
1876	624803
1877	624804
1878	624805
1879	624901
1880	624902
1881	624903
1882	624904
1883	624905
1884	624906
1885	624907
1886	624908
1877	624801
1878	624802
1879	624901
1880	624902
1881	624903
1882	624904
1883	624905
1884	624906
1885	624907
1886	624908
1887	627001
1888	627002
1889	627003
1890	627004
1891	627005
1892	627006
1893	627007
1894	627008
1895	627009
1896	627010
1897	627011
1898	627012
1899	627013
1900	627014
1901	627301
1902	627302
1903	627303
1904	627304
1905	627305
1906	627306
1907	627307
1908	627308
1909	627309
1910	627401
1911	627402
1912	627403
1913	627404
1914	627405
1915	627406
1916	627407
1917	627408
1918	627409
1919	627410
1920	627501
1921	627502
1922	627503
1923	627504
1924	627505
1925	627506
1926	627507
1927	627508
1928	627509
1929	627510
1930	627511
1931	627512
1932	627513
1933	627514
1934	627515
1935	627516
1936	627517
1937	627518
1938	627519
1939	627601
1940	627602
1941	627603
1942	627604
1943	627605
1944	627606
1945	627607
1946	627608
1947	627609
1948	627610
1949	627611
1950	627612
1951	627613
1952	627614
1953	627615
1954	627616
1955	627617
1956	627618
1957	627619
1958	627701
1959	627702
1960	627703
1961	627704
1962	627705
1963	627706
1964	627707
1965	627708
1966	627709
1967	627710
1968	628001
1969	628002
1970	628003
1971	628004
1972	628005
1973	628006
1974	628007
1975	628008
1976	628009
1977	628010
1978	628011
1979	628012
1980	628101
1981	628102
1982	628103
1983	628104
1984	628105
1985	628106
1986	628107
1987	628108
1988	628109
1989	628110
1990	628111
1991	628112
1992	628113
1993	628114
1994	628115
1995	628116
1996	628201
1997	628202
1998	628203
1999	628204
2000	628205
2001	628206
2002	628207
2003	628208
2004	628209
2005	628210
2006	628211
2007	628212
2008	628213
2009	628214
2010	628301
2011	628302
2012	628303
2013	628304
2014	628305
2015	628306
2016	628307
2017	628308
2018	628309
2019	628310
2020	628311
2021	628312
2022	628313
2023	628314
2024	628315
2025	628316
2026	628401
2027	628402
2028	628403
2029	628404
2030	628405
2031	628406
2032	628407
2033	628408
2034	628409
2035	628410
2036	628701
2037	628702
2038	628703
2039	628704
2040	628705
2041	628706
2042	628707
2043	628708
2044	628709
2045	628710
2046	628711
2047	628712
2048	628713
2049	628714
2050	628715
2051	628801
2052	628802
2053	628803
2054	628804
2055	628805
2056	628806
2057	628807
2058	628808
2059	628809
2060	628810
2061	628811
2062	628812
2063	628901
2064	628902
2065	628903
2066	628904
2067	628905
2068	628906
2069	628907
2070	628908
2071	628909
2072	628910
2073	629001
2074	629002
2075	629003
2076	629004
2077	629005
2078	629006
2079	629007
2080	629008
2081	629009
2082	629010
2083	629011
2084	629012
2085	629013
2086	629101
2087	629102
2088	629103
2089	629104
2090	629105
2091	629106
2092	629107
2093	629108
2094	629109
2095	629401
2096	629402
2097	629403
2098	629404
2099	629405
2100	629406
2101	629407
2102	629408
2103	629501
2104	629502
2105	629503
2106	629504
2107	629505
2108	629506
2109	629507
2110	629508
2111	629509
2112	629510
2113	629511
2114	629512
2115	629601
2116	629602
2117	629603
2118	629604
2119	629605
2120	629606
2121	629607
2122	629608
2123	629609
2124	629610
2125	629611
2126	629612
2127	629613
2128	629614
2129	629615
2130	629616
2131	629617
2132	629701
2133	629702
2134	629703
2135	629704
2136	629705
2137	629706
2138	629707
2139	629708
2140	629709
2141	629710
2142	629711
2143	629712
2144	629713
2145	629801
2146	629802
2147	629803
2148	629804
2149	629805
2150	629806
2151	629807
2152	629808
2153	629809
2154	629810
2155	629811
2156	630101
2157	630102
2158	630103
2159	630104
2160	630105
2161	630106
2162	630107
2163	630108
2164	630109
2165	630201
2166	630202
2167	630203
2168	630204
2169	630205
2170	630206
2171	630207
2172	630208
2173	630209
2174	630210
2175	630211
2176	630301
2177	630302
2178	630303
2179	630304
2180	630305
2181	630306
2182	630307
2183	630308
2184	630309
2185	630310
2186	630311
2187	630312
2188	630313
2189	630314
2190	630315
2191	630401
2192	630402
2193	630403
2194	630404
2195	630405
2196	630406
2197	630407
2198	630501
2199	630502
2200	630503
2201	630504
2202	630505
2203	630506
2204	630507
2205	630508
2206	630509
2207	630510
2208	630511
2209	630512
2210	630513
2211	630514
2212	630801
2213	630802
2214	630803
2215	630804
2216	630805
2217	630806
2218	630807
2219	630808
2220	630809
2221	630810
2222	630811
2223	630812
2224	630813
2225	630901
2226	630902
2227	630903
2228	630904
2229	630905
2230	630906
2231	630907
2232	630908
2233	630909
2234	630910
2235	630911
2236	630912
2237	630913
2238	630914
2239	630915
2240	631001
2241	631002
2242	631003
2243	631004
2244	631005
2245	631006
2246	631007
2247	631008
2248	631009
2249	631010
2250	631011
2251	631012
2252	631013
2253	631014
2254	631015
2255	631016
2256	631101
2257	631102
2258	631103
2259	631104
2260	631105
2261	631106
2262	631107
2263	631108
2264	631109
2265	631110
2266	631111
2267	631112
2268	631113
2269	631114
2270	631115
2271	631116
2272	631117
2273	631201
2274	631202
2275	631203
2276	631204
2277	631205
2278	631206
2279	631501
2280	631502
2281	631503
2282	631504
2283	631505
2284	631506
2285	631507
2286	631508
2287	631509
2288	631601
2289	631602
2290	631603
2291	631604
2292	631605
2293	631606
2294	631607
2295	631608
2296	631609
2297	631610
2298	631611
2299	631612
2300	631613
2301	631614
2302	631615
2303	631701
2304	631702
2305	631703
2306	631704
2307	631705
2308	631706
2309	631707
2310	631708
2311	631709
2312	631801
2313	631802
2314	631803
2315	631804
2316	631805
2317	631806
2318	631807
2319	631808
2320	631809
2321	631810
2322	631811
2323	631812
2324	631813
2325	631814
2326	631815
2327	631816
2328	631817
2329	631901
2330	631902
2331	631903
2332	631904
2333	631905
2334	631906
2335	631907
2336	631908
2337	632201
2338	632202
2339	632203
2340	632204
2341	632205
2342	632206
2343	632207
2344	632208
2345	632209
2346	632301
2347	632302
2348	632303
2349	632304
2350	632305
2351	632306
2352	632307
2353	632308
2354	632309
2355	632310
2356	632311
2357	632312
2358	632313
2359	632314
2360	632315
2361	632316
2362	632317
2363	632318
2364	632319
2365	632401
2366	632402
2367	632403
2368	632404
2369	632405
2370	632406
2371	632407
2372	632408
2373	632409
2374	632410
2375	632411
2376	632412
2377	632413
2378	632414
2379	632501
2380	632502
2381	632503
2382	632504
2383	632505
2384	632506
2385	632507
2386	632508
2387	632509
2388	632601
2389	632602
2390	632603
2391	632604
2392	632605
2393	632606
2394	632607
2395	632608
2396	632609
2397	632610
2398	632611
2399	632612
2400	632613
2401	632901
2402	632902
2403	632903
2404	632904
2405	632905
2406	632906
2407	632907
2408	632908
2409	632909
2410	633001
2411	633002
2412	633003
2413	633004
2414	633005
2415	633006
2416	633007
2417	633008
2418	633009
2419	633010
2420	633011
2421	633101
2422	633102
2423	633103
2424	633104
2425	633105
2426	633106
2427	633107
2428	633108
2429	633109
2430	633110
2431	633111
2432	633112
2433	633113
2434	633114
2435	633115
2436	633201
2437	633202
2438	633203
2439	633204
2440	633205
2441	633206
2442	633207
2443	633208
2444	633209
2445	633210
2446	633301
2447	633302
2448	633601
2449	633602
2450	633603
2451	633604
2452	633605
2453	633606
2454	633607
2455	633608
2456	633609
2457	633610
2458	633701
2459	633702
2460	633703
2461	633704
2462	633705
2463	633706
2464	633707
2465	633708
2466	633709
2467	633710
2468	633711
2469	633712
2470	633713
2471	633714
2472	633715
2473	633801
2474	633802
2475	633803
2476	633804
2477	633805
2478	633806
2479	633807
2480	633808
2481	633809
2482	633810
2483	633811
2484	633812
2485	633813
2486	633814
2487	633815
2488	633816
2489	633817
2490	633818
2491	633819
2492	633820
2493	633821
2494	633822
2495	633823
2496	633901
2497	633902
2498	633903
2499	633904
2500	633905
2501	633906
2502	634001
2503	634002
2504	634003
2505	634004
2506	634005
2507	634006
2508	634007
2509	634008
2510	634009
2511	634401
2512	634402
2513	634403
2514	634404
2515	634405
2516	634406
2517	634407
2518	634408
2519	634409
2520	634410
2521	634411
2522	634412
2523	634413
2524	634414
2525	634415
2526	634416
2527	634417
2528	634418
2529	634419
2530	634420
2531	634501
2532	634502
2533	634503
2534	634504
2535	634505
2536	634506
2537	634507
2538	634508
2539	634509
2540	634510
2541	634511
2542	634512
2543	634513
2544	634601
2545	634602
2546	634603
2547	634604
2548	634605
2549	634606
2550	634701
2551	634702
2552	634703
2553	634704
2554	634705
2555	634706
2556	634707
2557	634708
2558	634709
2559	634710
2560	634711
2561	634712
2562	634713
2563	634714
2564	635001
2565	635002
2566	635003
2567	635004
2568	635005
2569	635006
2570	635007
2571	635008
2572	635009
2573	635010
2574	635011
2575	635012
2576	635013
2577	635014
2578	635015
2579	635016
2580	635017
